$GNRMC,031649.50,A,4958.42331,N,00909.23445,E,1.039,,250516,,,A*6F
$GNVTG,,T,,M,1.039,N,1.924,K,A*38
$GNGNS,031649.50,4958.42331,N,00909.23445,E,AA,09,1.08,156.1,47.7,,*60
$GNGGA,031649.50,4958.42331,N,00909.23445,E,1,09,1.08,156.1,M,47.7,M,,*4A
$GNGSA,A,3,03,23,09,06,30,02,07,,,,,,2.07,1.08,1.76*1B
$GNGSA,A,3,74,87,,,,,,,,,,,2.07,1.08,1.76*1C
$GPGSV,3,1,12,02,36,299,24,03,17,119,10,05,05,298,,06,51,230,23*77
$GPGSV,3,2,12,07,42,173,22,09,81,053,16,16,15,069,,19,00,233,*78
$GPGSV,3,3,12,23,49,068,19,26,12,041,,29,04,345,,30,17,190,18*7B
$GLGSV,3,1,09,65,21,293,23,72,05,092,,73,48,073,19,74,36,147,24*6A
$GLGSV,3,2,09,80,13,022,,81,06,354,,87,24,250,26,88,30,305,*65
$GLGSV,3,3,09,95,13,022,*52
$GNGLL,4958.42331,N,00909.23445,E,031649.50,A,A*78
$GNGST,031649.50,1019576,,,,4.4,3.1,6.6*7A
$GNZDA,031649.50,25,05,2016,00,00*73
